(51,0.18052547486857906)
(68,0.18052544540040616)
(85,0.18052542771950705)


(finding,0.1635881955585578)
(min,4,0.6666666666666666,0.1635881955585578,0.5030784711081089)

(min,6,0.4,0.1635881955585578,0.23641180444144222)
6
(min,12,0.36363636363636365,0.1635881955585578,0.20004816807780584)
(min,18,0.35294117647058826,0.1635881955585578,0.18935298091203046)
(min,24,0.34782608695652173,0.1635881955585578,0.18423789139796393)
(min,30,0.27586206896551724,0.1635881955585578,0.11227387340695943)
30
(min,60,0.2711864406779661,0.1635881955585578,0.1075982451194083)
(min,90,0.2696629213483146,0.1635881955585578,0.1060747257897568)
(min,120,0.2689075630252101,0.1635881955585578,0.10531936746665227)
(min,150,0.2684563758389262,0.1635881955585578,0.10486818028036837)
(min,180,0.2681564245810056,0.1635881955585578,0.10456822902244778)
(min,210,0.22966507177033493,0.1635881955585578,0.06607687621177713)
210
(min,420,0.22911694510739858,0.1635881955585578,0.06552874954884078)
(min,630,0.2289348171701113,0.1635881955585578,0.0653466216115535)
(min,840,0.22884386174016685,0.1635881955585578,0.06525566618160905)
(min,1050,0.22878932316491898,0.1635881955585578,0.06520112760636118)
(min,1260,0.22875297855440826,0.1635881955585578,0.06516478299585046)
(min,1470,0.22872702518720217,0.1635881955585578,0.06513882962864437)
(min,1680,0.22870756402620607,0.1635881955585578,0.06511936846764826)
(min,1890,0.22869242985706723,0.1635881955585578,0.06510423429850942)
(min,2100,0.2286803239637923,0.1635881955585578,0.06509212840523448)
(min,2310,0.2078822000866176,0.1635881955585578,0.04429400452805979)
2310
(min,4620,0.20783719419787833,0.1635881955585578,0.044248998639320525)
(min,6930,0.2078221965651609,0.1635881955585578,0.0442340010066031)
(min,9240,0.20781469856045026,0.1635881955585578,0.04422650300189246)
(min,11550,0.2078102000173175,0.1635881955585578,0.044222004458759706)
(min,13860,0.20780720109676024,0.1635881955585578,0.04421900553820243)
(min,16170,0.2078050590636403,0.1635881955585578,0.0442168635050825)
(min,18480,0.20780345256777963,0.1635881955585578,0.044215257009221826)
(min,20790,0.20780220308817163,0.1635881955585578,0.044214007529613825)
(min,23100,0.2078012035153037,0.1635881955585578,0.0442130079567459)
(min,25410,0.2078003856901098,0.1635881955585578,0.044212190131552004)
(min,27720,0.20779970417403226,0.1635881955585578,0.04421150861547446)
(min,30030,0.19181457924006792,0.1635881955585578,0.02822638368151012)
30030
(min,60060,0.19181138547095355,0.1635881955585578,0.028223189912395752)
(min,90090,0.19181032090488295,0.1635881955585578,0.02822212534632515)
(min,120120,0.19180978862627893,0.1635881955585578,0.028221593067721124)
(min,150150,0.19180946926053455,0.1635881955585578,0.028221273701976746)

(min,9699690,0.1710240400491191,0.1635881955585578,0.007435844490561311)
(min,19399380,0.17102403123316473,0.1635881955585578,0.007435835674606928)
(min,29099070,0.17102402829451346,0.1635881955585578,0.007435832735955661)
